%YAML:1.0
---
MatVector:
   - !!opencv-matrix
      rows: 2
      cols: 1
      dt: d
      data: [ 37.588144772862577, 2.5872519271079142 ]
   - !!opencv-matrix
      rows: 2
      cols: 1
      dt: d
      data: [ 64.985721912969723, 22.057729879798661 ]
   - !!opencv-matrix
      rows: 2
      cols: 1
      dt: d
      data: [ 74.636846922709083, 20.366113557478059 ]
   - !!opencv-matrix
      rows: 2
      cols: 1
      dt: d
      data: [ 38.939097607227694, 7.6401359631092074 ]
   - !!opencv-matrix
      rows: 2
      cols: 1
      dt: d
      data: [ 87.259076579425923, 3.2754472222708491 ]
   - !!opencv-matrix
      rows: 2
      cols: 1
      dt: d
      data: [ 37.731985351492966, 0.8199277009094843 ]
   - !!opencv-matrix
      rows: 2
      cols: 1
      dt: d
      data: [ 40.557203698806681, 1.4100454366799122 ]
   - !!opencv-matrix
      rows: 2
      cols: 1
      dt: d
      data: [ 72.623138251337238, 20.651992410592118 ]
   - !!opencv-matrix
      rows: 2
      cols: 1
      dt: d
      data: [ 105.66051477510561, 9.561282207930546 ]
   - !!opencv-matrix
      rows: 2
      cols: 1
      dt: d
      data: [ 83.467217371540301, 3.2842235386832028 ]
   - !!opencv-matrix
      rows: 2
      cols: 1
      dt: d
      data: [ 86.296670763862707, 4.2658076695370593 ]
   - !!opencv-matrix
      rows: 2
      cols: 1
      dt: d
      data: [ 80.418113961281151, 10.990993900025542 ]
   - !!opencv-matrix
      rows: 2
      cols: 1
      dt: d
      data: [ 52.493284063683596, 19.059581008233693 ]
   - !!opencv-matrix
      rows: 2
      cols: 1
      dt: d
      data: [ 81.405591395555021, 3.1232498362991223 ]
   - !!opencv-matrix
      rows: 2
      cols: 1
      dt: d
      data: [ 78.875922467793046, 36.11130508379204 ]
   - !!opencv-matrix
      rows: 2
      cols: 1
      dt: d
      data: [ 78.666340449308848, 5.6607755929227546 ]
   - !!opencv-matrix
      rows: 2
      cols: 1
      dt: d
      data: [ 73.866692381875296, 3.9716818303344725 ]
   - !!opencv-matrix
      rows: 2
      cols: 1
      dt: d
      data: [ 62.137696988587386, 0.30677834750620275 ]
   - !!opencv-matrix
      rows: 2
      cols: 1
      dt: d
      data: [ 95.037171238793206, 17.848279550934372 ]
   - !!opencv-matrix
      rows: 2
      cols: 1
      dt: d
      data: [ 107.34153662136312, 43.741222156731745 ]
   - !!opencv-matrix
      rows: 2
      cols: 1
      dt: d
      data: [ 43.806862033733985, 6.72839793393611 ]
   - !!opencv-matrix
      rows: 2
      cols: 1
      dt: d
      data: [ 116.93810636340228, 22.567493882609323 ]
   - !!opencv-matrix
      rows: 2
      cols: 1
      dt: d
      data: [ 102.97633301912998, 23.004072203269587 ]
   - !!opencv-matrix
      rows: 2
      cols: 1
      dt: d
      data: [ 104.75769936213088, 25.610289423460149 ]
   - !!opencv-matrix
      rows: 2
      cols: 1
      dt: d
      data: [ 110.91439331353388, 0.42994870706452148 ]
   - !!opencv-matrix
      rows: 2
      cols: 1
      dt: d
      data: [ 108.54414243256721, 13.028109746949466 ]
   - !!opencv-matrix
      rows: 2
      cols: 1
      dt: d
      data: [ 80.526049580479608, 8.4995787520404456 ]
   - !!opencv-matrix
      rows: 2
      cols: 1
      dt: d
      data: [ 121.09915084222509, 5.578589901758777 ]
   - !!opencv-matrix
      rows: 2
      cols: 1
      dt: d
      data: [ 98.127169476187277, 23.830046382490018 ]
   - !!opencv-matrix
      rows: 2
      cols: 1
      dt: d
      data: [ 106.05058662467995, 37.737886487736148 ]
   - !!opencv-matrix
      rows: 2
      cols: 1
      dt: d
      data: [ 55.607711582420073, 0.39675252536331429 ]
   - !!opencv-matrix
      rows: 2
      cols: 1
      dt: d
      data: [ 70.634239896331991, 7.6927988578555873 ]
   - !!opencv-matrix
      rows: 2
      cols: 1
      dt: d
      data: [ 130.69556321337208, 5.0044736326066781 ]
   - !!opencv-matrix
      rows: 2
      cols: 1
      dt: d
      data: [ 105.27806003293189, 13.789672791708739 ]
   - !!opencv-matrix
      rows: 2
      cols: 1
      dt: d
      data: [ 128.30027555215716, 11.041480572846535 ]
   - !!opencv-matrix
      rows: 2
      cols: 1
      dt: d
      data: [ 100.01418869933231, 20.162764166015414 ]
   - !!opencv-matrix
      rows: 2
      cols: 1
      dt: d
      data: [ 113.28309478197725, 23.169277861374013 ]
   - !!opencv-matrix
      rows: 2
      cols: 1
      dt: d
      data: [ 108.22185936024171, 35.061077516415033 ]
   - !!opencv-matrix
      rows: 2
      cols: 1
      dt: d
      data: [ 96.665464002403354, 2.0858018122686244 ]
   - !!opencv-matrix
      rows: 2
      cols: 1
      dt: d
      data: [ 92.06445952641829, 4.4452550105131943 ]
   - !!opencv-matrix
      rows: 2
      cols: 1
      dt: d
      data: [ 57.861524357957556, 5.3133321911474809 ]
   - !!opencv-matrix
      rows: 2
      cols: 1
      dt: d
      data: [ 117.30474751064908, 44.737106650552185 ]
   - !!opencv-matrix
      rows: 2
      cols: 1
      dt: d
      data: [ 127.375563349712, 23.42335077104682 ]
   - !!opencv-matrix
      rows: 2
      cols: 1
      dt: d
      data: [ 73.944960115219672, 3.0647795285422719 ]
   - !!opencv-matrix
      rows: 2
      cols: 1
      dt: d
      data: [ 123.4349145878335, 40.548697398242766 ]
   - !!opencv-matrix
      rows: 2
      cols: 1
      dt: d
      data: [ 98.943276537063468, 1.36125975118225 ]
   - !!opencv-matrix
      rows: 2
      cols: 1
      dt: d
      data: [ 121.56071378411342, 23.615257023730688 ]
   - !!opencv-matrix
      rows: 2
      cols: 1
      dt: d
      data: [ 142.94440808234083, 18.132048918674673 ]
   - !!opencv-matrix
      rows: 2
      cols: 1
      dt: d
      data: [ 96.022514956418036, 23.31419356195866 ]
   - !!opencv-matrix
      rows: 2
      cols: 1
      dt: d
      data: [ 132.86905978575928, 7.8978130927699279 ]
   - !!opencv-matrix
      rows: 2
      cols: 1
      dt: d
      data: [ 87.723476822374266, 11.541950190256914 ]
   - !!opencv-matrix
      rows: 2
      cols: 1
      dt: d
      data: [ 110.95603902963146, 10.954789037443863 ]
   - !!opencv-matrix
      rows: 2
      cols: 1
      dt: d
      data: [ 119.43681704518447, 22.95041904007704 ]
   - !!opencv-matrix
      rows: 2
      cols: 1
      dt: d
      data: [ 99.818171745446804, 4.771801483347911 ]
   - !!opencv-matrix
      rows: 2
      cols: 1
      dt: d
      data: [ 106.00150693696449, 33.585607439685596 ]
   - !!opencv-matrix
      rows: 2
      cols: 1
      dt: d
      data: [ 128.60765047457159, 28.687057001554237 ]
   - !!opencv-matrix
      rows: 2
      cols: 1
      dt: d
      data: [ 48.666242769095589, 17.341332553741417 ]
   - !!opencv-matrix
      rows: 2
      cols: 1
      dt: d
      data: [ 90.566028647181327, 18.29397319004077 ]
   - !!opencv-matrix
      rows: 2
      cols: 1
      dt: d
      data: [ 86.277581116106461, 11.010971653476879 ]
   - !!opencv-matrix
      rows: 2
      cols: 1
      dt: d
      data: [ 140.44479097309511, 4.1920387073151488 ]
   - !!opencv-matrix
      rows: 2
      cols: 1
      dt: d
      data: [ 120.10489807430173, 3.3913063208131642 ]
   - !!opencv-matrix
      rows: 2
      cols: 1
      dt: d
      data: [ 95.218235355015793, 17.01617336174095 ]
   - !!opencv-matrix
      rows: 2
      cols: 1
      dt: d
      data: [ 123.07230208552186, 13.567735970678948 ]
   - !!opencv-matrix
      rows: 2
      cols: 1
      dt: d
      data: [ 107.47050144546785, 1.5504254447398129 ]
   - !!opencv-matrix
      rows: 2
      cols: 1
      dt: d
      data: [ 113.17543542860376, 10.920545569976492 ]
   - !!opencv-matrix
      rows: 2
      cols: 1
      dt: d
      data: [ 77.566179156463988, 11.690823369948486 ]
   - !!opencv-matrix
      rows: 2
      cols: 1
      dt: d
      data: [ 134.91155767429265, 22.472129536294727 ]
   - !!opencv-matrix
      rows: 2
      cols: 1
      dt: d
      data: [ 98.07195984031506, 1.9405393785326079 ]
   - !!opencv-matrix
      rows: 2
      cols: 1
      dt: d
