%YAML:1.0
---
MatVector:
   - !!opencv-matrix
      rows: 2
      cols: 1
      dt: d
      data: [ 87.259076579425923, 3.2754472222708491 ]
   - !!opencv-matrix
      rows: 2
      cols: 1
      dt: d
      data: [ 74.636846922709083, 20.366113557478059 ]
   - !!opencv-matrix
      rows: 2
      cols: 1
      dt: d
      data: [ 64.985721912969723, 22.057729879798661 ]
   - !!opencv-matrix
      rows: 2
      cols: 1
      dt: d
      data: [ 105.66051477510561, 9.561282207930546 ]
   - !!opencv-matrix
      rows: 2
      cols: 1
      dt: d
      data: [ 110.91439331353388, 0.42994870706452148 ]
   - !!opencv-matrix
      rows: 2
      cols: 1
      dt: d
      data: [ 104.75769936213088, 25.610289423460149 ]
   - !!opencv-matrix
      rows: 2
      cols: 1
      dt: d
      data: [ 108.54414243256721, 13.028109746949466 ]
   - !!opencv-matrix
      rows: 2
      cols: 1
      dt: d
      data: [ 72.623138251337238, 20.651992410592118 ]
   - !!opencv-matrix
      rows: 2
      cols: 1
      dt: d
      data: [ 116.93810636340228, 22.567493882609323 ]
   - !!opencv-matrix
      rows: 2
      cols: 1
      dt: d
      data: [ 83.467217371540301, 3.2842235386832028 ]
   - !!opencv-matrix
      rows: 2
      cols: 1
      dt: d
      data: [ 106.05058662467995, 37.737886487736148 ]
   - !!opencv-matrix
      rows: 2
      cols: 1
      dt: d
      data: [ 107.34153662136312, 43.741222156731745 ]
   - !!opencv-matrix
      rows: 2
      cols: 1
      dt: d
      data: [ 81.405591395555021, 3.1232498362991223 ]
   - !!opencv-matrix
      rows: 2
      cols: 1
      dt: d
      data: [ 102.97633301912998, 23.004072203269587 ]
   - !!opencv-matrix
      rows: 2
      cols: 1
      dt: d
      data: [ 142.94440808234083, 18.132048918674673 ]
   - !!opencv-matrix
      rows: 2
      cols: 1
      dt: d
      data: [ 96.665464002403354, 2.0858018122686244 ]
   - !!opencv-matrix
      rows: 2
      cols: 1
      dt: d
      data: [ 130.69556321337208, 5.0044736326066781 ]
   - !!opencv-matrix
      rows: 2
      cols: 1
      dt: d
      data: [ 128.30027555215716, 11.041480572846535 ]
   - !!opencv-matrix
      rows: 2
      cols: 1
      dt: d
      data: [ 121.04077523369691, 3.6150008057630614 ]
   - !!opencv-matrix
      rows: 2
      cols: 1
      dt: d
      data: [ 98.127169476187277, 23.830046382490018 ]
   - !!opencv-matrix
      rows: 2
      cols: 1
      dt: d
      data: [ 127.375563349712, 23.42335077104682 ]
   - !!opencv-matrix
      rows: 2
      cols: 1
      dt: d
      data: [ 113.28309478197725, 23.169277861374013 ]
   - !!opencv-matrix
      rows: 2
      cols: 1
      dt: d
      data: [ 132.86905978575928, 7.8978130927699279 ]
   - !!opencv-matrix
      rows: 2
      cols: 1
      dt: d
      data: [ 128.60765047457159, 28.687057001554237 ]
   - !!opencv-matrix
      rows: 2
      cols: 1
      dt: d
      data: [ 123.4349145878335, 40.548697398242766 ]
   - !!opencv-matrix
      rows: 2
      cols: 1
      dt: d
      data: [ 96.022514956418036, 23.31419356195866 ]
   - !!opencv-matrix
      rows: 2
      cols: 1
      dt: d
      data: [ 105.27806003293189, 13.789672791708739 ]
   - !!opencv-matrix
      rows: 2
      cols: 1
      dt: d
      data: [ 80.418113961281151, 10.990993900025542 ]
   - !!opencv-matrix
      rows: 2
      cols: 1
      dt: d
      data: [ 120.10489807430173, 3.3913063208131642 ]
   - !!opencv-matrix
      rows: 2
      cols: 1
      dt: d
      data: [ 100.74799871993751, 6.9796671788463307 ]
   - !!opencv-matrix
      rows: 2
      cols: 1
      dt: d
      data: [ 117.30474751064908, 44.737106650552185 ]
   - !!opencv-matrix
      rows: 2
      cols: 1
      dt: d
      data: [ 108.22185936024171, 35.061077516415033 ]
   - !!opencv-matrix
      rows: 2
      cols: 1
      dt: d
      data: [ 95.037171238793206, 17.848279550934372 ]
   - !!opencv-matrix
      rows: 2
      cols: 1
      dt: d
      data: [ 137.13794417101693, 4.7889736423422216 ]
   - !!opencv-matrix
      rows: 2
      cols: 1
      dt: d
      data: [ 121.56071378411342, 23.615257023730688 ]
   - !!opencv-matrix
      rows: 2
      cols: 1
      dt: d
      data: [ 132.54755290555178, 25.996802086986474 ]
   - !!opencv-matrix
      rows: 2
      cols: 1
      dt: d
      data: [ 134.91155767429265, 22.472129536294727 ]
   - !!opencv-matrix
      rows: 2
      cols: 1
      dt: d
      data: [ 121.09915084222509, 5.578589901758777 ]
   - !!opencv-matrix
      rows: 2
      cols: 1
      dt: d
      data: [ 162.26809949500478, 12.394611179025445 ]
   - !!opencv-matrix
      rows: 2
      cols: 1
      dt: d
      data: [ 80.526049580479608, 8.4995787520404456 ]
   - !!opencv-matrix
      rows: 2
      cols: 1
      dt: d
      data: [ 139.18451607563688, 14.593936576222038 ]
   - !!opencv-matrix
      rows: 2
      cols: 1
      dt: d
      data: [ 113.17543542860376, 10.920545569976492 ]
   - !!opencv-matrix
      rows: 2
      cols: 1
      dt: d
      data: [ 145.30610469236524, 21.175125480888802 ]
   - !!opencv-matrix
      rows: 2
      cols: 1
      dt: d
      data: [ 37.588144772862577, 2.5872519271079142 ]
   - !!opencv-matrix
      rows: 2
      cols: 1
      dt: d
      data: [ 134.28593860289766, 27.77654934542425 ]
   - !!opencv-matrix
      rows: 2
      cols: 1
      dt: d
      data: [ 147.36612221844516, 3.4425313794170109 ]
   - !!opencv-matrix
      rows: 2
      cols: 1
      dt: d
      data: [ 169.45561225606261, 10.181869912887889 ]
   - !!opencv-matrix
      rows: 2
      cols: 1
      dt: d
      data: [ 140.44479097309511, 4.1920387073151488 ]
   - !!opencv-matrix
      rows: 2
      cols: 1
      dt: d
      data: [ 171.95709698795264, 21.656564720099368 ]
   - !!opencv-matrix
      rows: 2
      cols: 1
      dt: d
      data: [ 141.92182320322607, 8.8746041417213863 ]
   - !!opencv-matrix
      rows: 2
      cols: 1
      dt: d
      data: [ 65.618080951767652, 7.8751160123051323 ]
   - !!opencv-matrix
      rows: 2
      cols: 1
      dt: d
      data: [ 141.5653110894736, 9.6183520491076546 ]
   - !!opencv-matrix
      rows: 2
      cols: 1
      dt: d
      data: [ 110.95603902963146, 10.954789037443863 ]
   - !!opencv-matrix
      rows: 2
      cols: 1
      dt: d
      data: [ 87.723476822374266, 11.541950190256914 ]
   - !!opencv-matrix
      rows: 2
      cols: 1
      dt: d
      data: [ 119.43681704518447, 22.95041904007704 ]
   - !!opencv-matrix
      rows: 2
      cols: 1
      dt: d
      data: [ 136.90311379341895, 11.972883264535326 ]
   - !!opencv-matrix
      rows: 2
      cols: 1
      dt: d
      data: [ 149.01770565914006, 17.013917834699214 ]
   - !!opencv-matrix
      rows: 2
      cols: 1
      dt: d
      data: [ 102.93716513140427, 10.133609165051329 ]
   - !!opencv-matrix
      rows: 2
      cols: 1
      dt: d
      data: [ 78.875922467793046, 36.11130508379204 ]
   - !!opencv-matrix
      rows: 2
      cols: 1
      dt: d
      data: [ 123.07230208552186, 13.567735970678948 ]
   - !!opencv-matrix
      rows: 2
      cols: 1
      dt: d
      data: [ 148.34856971970228, 1.2049324124778549 ]
   - !!opencv-matrix
      rows: 2
      cols: 1
      dt: d
      data: [ 147.09176046183003, 8.1632716627359461 ]
   - !!opencv-matrix
      rows: 2
      cols: 1
      dt: d
      data: [ 99.818171745446804, 4.771801483347911 ]
   - !!opencv-matrix
      rows: 2
      cols: 1
      dt: d
      data: [ 128.13012875953561, 20.105536651997468 ]
   - !!opencv-matrix
      rows: 2
      cols: 1
      dt: d
      data: [ 134.13214519879313, 18.122986077627203 ]
   - !!opencv-matrix
      rows: 2
      cols: 1
      dt: d
      data: [ 198.43422828669947, 8.7881763900149004 ]
   - !!opencv-matrix
      rows: 2
      cols: 1
      dt: d
      data: [ 147.2612409775069, 12.806322882258305 ]
   - !!opencv-matrix
      rows: 2
      cols: 1
      dt: d
      data: [ 140.07552304670617, 25.936901187144514 ]
   - !!opencv-matrix
      rows: 2
      cols: 1
      dt: d
