%YAML:1.0
---
MatVector:
   - !!opencv-matrix
      rows: 2
      cols: 1
      dt: d
      data: [ 66.245897681836567, 9.3062366361295989 ]
   - !!opencv-matrix
      rows: 2
      cols: 1
      dt: d
      data: [ 123.78279445128339, 0.56550670317553509 ]
   - !!opencv-matrix
      rows: 2
      cols: 1
      dt: d
      data: [ 145.31798225056542, 2.3577605103904236 ]
   - !!opencv-matrix
      rows: 2
      cols: 1
      dt: d
      data: [ 133.20409383941583, 10.478281558543134 ]
   - !!opencv-matrix
      rows: 2
      cols: 1
      dt: d
      data: [ 110.98736139447995, 57.342114633932788 ]
   - !!opencv-matrix
      rows: 2
      cols: 1
      dt: d
      data: [ 194.54818568357518, 0.66403857505059594 ]
   - !!opencv-matrix
      rows: 2
      cols: 1
      dt: d
      data: [ 153.56487823217441, 4.1098264607471249 ]
   - !!opencv-matrix
      rows: 2
      cols: 1
      dt: d
      data: [ 144.56647228412206, 2.7336040906035444 ]
   - !!opencv-matrix
      rows: 2
      cols: 1
      dt: d
      data: [ 158.39173982398361, 4.8728077667288403 ]
   - !!opencv-matrix
      rows: 2
      cols: 1
      dt: d
      data: [ 166.89375954756846, 9.8696769996994078 ]
   - !!opencv-matrix
      rows: 2
      cols: 1
      dt: d
      data: [ 148.6178176497088, 25.804442970889717 ]
   - !!opencv-matrix
      rows: 2
      cols: 1
      dt: d
      data: [ 89.214978035858763, 2.8939927541788464 ]
   - !!opencv-matrix
      rows: 2
      cols: 1
      dt: d
      data: [ 144.71682742745807, 38.316639457699296 ]
   - !!opencv-matrix
      rows: 2
      cols: 1
      dt: d
      data: [ 161.24448172075523, 43.791033495511591 ]
   - !!opencv-matrix
      rows: 2
      cols: 1
      dt: d
      data: [ 136.98196568586772, 12.828331023003361 ]
   - !!opencv-matrix
      rows: 2
      cols: 1
      dt: d
      data: [ 197.96544928648663, 12.961226361711153 ]
   - !!opencv-matrix
      rows: 2
      cols: 1
      dt: d
      data: [ 115.82135649451065, 46.179415108590049 ]
   - !!opencv-matrix
      rows: 2
      cols: 1
      dt: d
      data: [ 175.04557892790203, 28.197655891857703 ]
   - !!opencv-matrix
      rows: 2
      cols: 1
      dt: d
      data: [ 127.24932621002475, 45.997787763051313 ]
   - !!opencv-matrix
      rows: 2
      cols: 1
      dt: d
      data: [ 135.38307943568387, 33.988737877587013 ]
   - !!opencv-matrix
      rows: 2
      cols: 1
      dt: d
      data: [ 217.10825900240383, 8.6460322081953453 ]
   - !!opencv-matrix
      rows: 2
      cols: 1
      dt: d
      data: [ 171.73443655239771, 16.663082008755389 ]
   - !!opencv-matrix
      rows: 2
      cols: 1
      dt: d
      data: [ 156.23559296321341, 3.1822934234778746 ]
   - !!opencv-matrix
      rows: 2
      cols: 1
      dt: d
      data: [ 142.13180101021837, 34.027395457068017 ]
   - !!opencv-matrix
      rows: 2
      cols: 1
      dt: d
      data: [ 164.42640100235559, 22.065723496240864 ]
   - !!opencv-matrix
      rows: 2
      cols: 1
      dt: d
      data: [ 150.95865588711004, 40.108249933861494 ]
   - !!opencv-matrix
      rows: 2
      cols: 1
      dt: d
      data: [ 144.14683650777363, 6.5766271599645965 ]
   - !!opencv-matrix
      rows: 2
      cols: 1
      dt: d
      data: [ 161.21119515649798, 29.121736833738542 ]
   - !!opencv-matrix
      rows: 2
      cols: 1
      dt: d
      data: [ 171.43597906732279, 5.1797761755207983 ]
   - !!opencv-matrix
      rows: 2
      cols: 1
      dt: d
      data: [ 165.91100392469161, 16.982749385802922 ]
   - !!opencv-matrix
      rows: 2
      cols: 1
      dt: d
      data: [ 152.02830040309939, 30.412100824260367 ]
   - !!opencv-matrix
      rows: 2
      cols: 1
      dt: d
      data: [ 165.18839542911246, 10.950754108972937 ]
   - !!opencv-matrix
      rows: 2
      cols: 1
      dt: d
      data: [ 192.14237710390071, 13.136092298031421 ]
   - !!opencv-matrix
      rows: 2
      cols: 1
      dt: d
      data: [ 168.98623283324693, 32.481196296128672 ]
   - !!opencv-matrix
      rows: 2
      cols: 1
      dt: d
      data: [ 149.00341481138875, 4.4910883475192156 ]
   - !!opencv-matrix
      rows: 2
      cols: 1
      dt: d
      data: [ 170.25305529211954, 9.6609866834861666 ]
   - !!opencv-matrix
      rows: 2
      cols: 1
      dt: d
      data: [ 130.51064006160996, 8.9671807558949421 ]
   - !!opencv-matrix
      rows: 2
      cols: 1
      dt: d
      data: [ 182.02656158329728, 6.5636025292565217 ]
   - !!opencv-matrix
      rows: 2
      cols: 1
      dt: d
      data: [ 185.77259616611101, 23.168783172688237 ]
   - !!opencv-matrix
      rows: 2
      cols: 1
      dt: d
      data: [ 127.94452401338498, 5.9381204929139351 ]
   - !!opencv-matrix
      rows: 2
      cols: 1
      dt: d
      data: [ 119.47977899184683, 28.15173017879054 ]
   - !!opencv-matrix
      rows: 2
      cols: 1
      dt: d
      data: [ 159.77247381431235, 5.7722708923681054 ]
   - !!opencv-matrix
      rows: 2
      cols: 1
      dt: d
      data: [ 83.947315826070863, 1.2641857450198728 ]
   - !!opencv-matrix
      rows: 2
      cols: 1
      dt: d
      data: [ 194.56681839856373, 3.8653173557035996 ]
   - !!opencv-matrix
      rows: 2
      cols: 1
      dt: d
      data: [ 159.29258360760406, 10.44618627128958 ]
   - !!opencv-matrix
      rows: 2
      cols: 1
      dt: d
      data: [ 152.97606373310282, 36.435030186973627 ]
   - !!opencv-matrix
      rows: 2
      cols: 1
      dt: d
      data: [ 195.7070528603459, 9.6014041013681499 ]
   - !!opencv-matrix
      rows: 2
      cols: 1
      dt: d
      data: [ 185.53470131176911, 30.695066527906402 ]
   - !!opencv-matrix
      rows: 2
      cols: 1
      dt: d
      data: [ 135.02625513165714, 5.7039832679135625 ]
   - !!opencv-matrix
      rows: 2
      cols: 1
      dt: d
      data: [ 160.52594946568121, 5.5773692850289533 ]
   - !!opencv-matrix
      rows: 2
      cols: 1
      dt: d
      data: [ 202.17285700546987, 8.7898174182299886 ]
   - !!opencv-matrix
      rows: 2
      cols: 1
      dt: d
      data: [ 155.3425126388577, 21.290050893464922 ]
   - !!opencv-matrix
      rows: 2
      cols: 1
      dt: d
      data: [ 177.27833554393393, 6.5634782526014925 ]
   - !!opencv-matrix
      rows: 2
      cols: 1
      dt: d
      data: [ 181.36954104079481, 43.490971277397627 ]
   - !!opencv-matrix
      rows: 2
      cols: 1
      dt: d
      data: [ 198.84903901002252, 39.525272735182064 ]
   - !!opencv-matrix
      rows: 2
      cols: 1
      dt: d
      data: [ 120.34262147812677, 11.203948222492947 ]
   - !!opencv-matrix
      rows: 2
      cols: 1
      dt: d
      data: [ 131.95192545747787, 14.352765171360165 ]
   - !!opencv-matrix
      rows: 2
      cols: 1
      dt: d
      data: [ 146.24763790658537, 29.546631055744548 ]
   - !!opencv-matrix
      rows: 2
      cols: 1
      dt: d
      data: [ 111.30851771769646, 13.94771965194516 ]
   - !!opencv-matrix
      rows: 2
      cols: 1
      dt: d
      data: [ 168.30780114645972, 7.0610957537603003 ]
   - !!opencv-matrix
      rows: 2
      cols: 1
      dt: d
      data: [ 168.21790368927921, 1.7462469425525278 ]
   - !!opencv-matrix
      rows: 2
      cols: 1
      dt: d
      data: [ 132.0642790719015, 13.971889393311272 ]
   - !!opencv-matrix
      rows: 2
      cols: 1
      dt: d
      data: [ 113.68631840554617, 18.370724193476136 ]
   - !!opencv-matrix
      rows: 2
      cols: 1
      dt: d
      data: [ 212.7355435681956, 10.569460854007271 ]
   - !!opencv-matrix
      rows: 2
      cols: 1
      dt: d
      data: [ 85.265018077415078, 3.2406314597755239 ]
   - !!opencv-matrix
      rows: 2
      cols: 1
      dt: d
      data: [ 157.63048887629878, 6.6476670057296152 ]
   - !!opencv-matrix
      rows: 2
      cols: 1
      dt: d
      data: [ 116.05782986139116, 41.736735951250154 ]
   - !!opencv-matrix
      rows: 2
      cols: 1
      dt: d
      data: [ 191.181221839307, 46.79199093893827 ]
   - !!opencv-matrix
      rows: 2
      cols: 1
      dt: d
