%YAML:1.0
---
U: !!opencv-matrix
   rows: 32
   cols: 32
   dt: d
   data: [ 0.18508881707429933, 0.1076769569419835, 0.066695519590049393,
       0.030557229621632879, -0.017755616613654341,
       -0.026374749995144508, 0.081802588525451012,
       -0.0026204686734029822, -0.0046864720029828775,
       -0.032666477601458306, 0.019474178195075305,
       -0.052789625477551318, 0.034277586892429268,
       -0.044951449879429638, -0.0029999733605502767,
       0.0050870574151806883, 0.068532975696773218,
       -0.073047821653243028, 0.096256261852034064, 0.15430334996209194,
       0.28867513459481292, 0.22360679774997902, 0.18257418583505539,
       -0.0063979726145715673, 0.09145905658370948, 0.050657587060909975,
       0.057459728103865015, 0.40824829046386302, -0.11784924600658353,
       -0.13362992757276285, 0.10540895443292315, -0.70710678118654746,
       0.18508881707429933, 0.1076769569419835, 0.066695519590049393,
       0.030557229621632879, -0.017755616613654341,
       -0.026374749995144508, 0.081802588525451012,
       -0.0026204686734029822, -0.0046864720029828775,
       -0.032666477601458306, 0.019474178195075305,
       -0.052789625477551318, 0.034277586892429268,
       -0.044951449879429638, -0.0029999733605502767,
       0.0050870574151806883, 0.068532975696773218,
       -0.073047821653243028, 0.096256261852034064, 0.15430334996209194,
       0.28867513459481292, 0.22360679774997902, 0.18257418583505539,
       -0.0063979726145715673, 0.09145905658370948, 0.050657587060909975,
       0.057459728103865015, 0.40824829046386302, -0.11784924600658353,
       -0.13362992757276285, 0.10540895443292315, 0.70710678118654746,
       0.18508881707429933, 0.1076769569419835, 0.066695519590049393,
       0.030557229621632879, -0.017755616613654341,
       -0.026374749995144508, 0.081802588525451012,
       -0.0026204686734029822, -0.0046864720029828775,
       -0.032666477601458306, 0.019474178195075305,
       -0.052789625477551318, 0.034277586892429268,
       -0.044951449879429638, -0.0029999733605502767,
       0.0050870574151806883, 0.068532975696773218,
       -0.073047821653243028, 0.096256261852034064, 0.15430334996209194,
       0.28867513459481292, 0.22360679774997902, 0.18257418583505539,
       -0.0063979726145715673, 0.09145905658370948, 0.050657587060909975,
       0.057459728103865015, -0.81649658092772615, -0.11784924600658353,
       -0.13362992757276285, 0.10540895443292315, 0.,
       0.18508881707429933, 0.1076769569419835, 0.066695519590049393,
       0.030557229621632879, -0.017755616613654341,
       -0.026374749995144508, 0.081802588525451012,
       -0.0026204686734029822, -0.0046864720029828775,
       -0.032666477601458306, 0.019474178195075305,
       -0.052789625477551318, 0.034277586892429268,
       -0.044951449879429638, -0.0029999733605502767,
       0.0050870574151806883, 0.068532975696773218,
       -0.073047821653243028, 0.096256261852034064, 0.15430334996209194,
       -0.86602540378443849, 0.22360679774997902, 0.18257418583505539,
       -0.0063979726145715673, 0.09145905658370948, 0.050657587060909975,
       0.057459728103865015, 0., -0.11784924600658353,
       -0.13362992757276285, 0.10540895443292315, 0.,
       0.18508881707429942, 0.10767695694198361, 0.066695519590049407,
       0.0305572296216329, -0.017755616613654348, -0.026374749995144532,
       0.081802588525451067, -0.002620468673402944,
       -0.0046864720029829183, -0.032666477601458369,
       0.019474178195075329, -0.052789625477551338, 0.034277586892429261,
       -0.044951449879429686, -0.0029999733605502732,
       0.0050870574151806796, 0.068532975696773232,
       -0.073047821653243056, 0.096256261852034133, 0.154303349962092,
       0., -0.89442719099991586, 0.18257418583505544,
       -0.0063979726145715465, 0.091459056583709536,
       0.050657587060910024, 0.057459728103865064, 0.,
       -0.11784924600658357, -0.13362992757276287, 0.10540895443292318,
       0., 0.18508881707429936, 0.10767695694198355,
       0.066695519590049393, 0.030557229621632886, -0.017755616613654348,
       -0.026374749995144511, 0.081802588525451039,
       -0.0026204686734029718, -0.0046864720029828897,
       -0.032666477601458369, 0.019474178195075319,
       -0.052789625477551304, 0.034277586892429289,
       -0.044951449879429645, -0.0029999733605502663,
       0.0050870574151806614, 0.06853297569677326, -0.073047821653243084,
       0.09625626185203412, 0.15430334996209197, 0., 0.,
       -0.9128709291752769, -0.006397972614571556, 0.091459056583709522,
       0.050657587060910024, 0.057459728103865022, 0.,
       -0.11784924600658356, -0.13362992757276285, 0.10540895443292317,
       0., 0.18508881707429942, 0.10767695694198361,
       0.066695519590049407, 0.0305572296216329, -0.017755616613654348,
       -0.026374749995144532, 0.081802588525451067,
       -0.002620468673402944, -0.0046864720029829183,
       -0.032666477601458369, 0.019474178195075329,
       -0.052789625477551338, 0.034277586892429261,
       -0.044951449879429686, -0.0029999733605502732,
       0.0050870574151806796, 0.068532975696773232,
       -0.073047821653243056, 0.096256261852034133, -0.92582009977255142,
       0., 0., 0., -0.0063979726145715465, 0.091459056583709536,
       0.050657587060910024, 0.057459728103865064, 0.,
       -0.11784924600658357, -0.13362992757276287, 0.10540895443292318,
       0., 0.18508881707429936, 0.1076769569419835, 0.066695519590049393,
       0.030557229621632889, -0.017755616613654324,
       -0.026374749995144504, 0.081802588525451067,
       -0.0026204686734029379, -0.004686472002982933,
       -0.032666477601458313, 0.019474178195075294,
       -0.052789625477551318, 0.034277586892429171,
       -0.044951449879429735, -0.0029999733605502936,
       0.0050870574151645528, 0.068532975696807052,
       -0.073035093045045643, 0.096256433710535591, 0., 0., 0., 0.,
       -0.0063979725979784186, 0.091460589458705666, 0.05065833031331736,
       0.057459625156793773, 0., -0.1178492464259123,
       0.93541503999978171, 0.10540895448576715, 0., 0.18508881707429944,
       0.10767695694198343, 0.066695519590049421, 0.030557229621632681,
       -0.017755616613654296, -0.026374749995144442,
       0.081802588525451025, -0.0026204686734029436,
       -0.0046864720029830597, -0.032666477601458285,
       0.019474178195075281, -0.052789625477551318, 0.034277586892429095,
       -0.044951449879429922, -0.0029999733605502966,
       0.0050870574151351926, 0.068532975696868587,
       -0.073011911054123982, 0.096256746684062172, 0., 0., 0., 0.,
       -0.0063979726165195594, 0.091463381315997155,
       0.050659684129682789, 0.057459441310370375, 0.,
       0.94281092515550702, 6.9337379807238292e-07, 0.10540895458200948,
       0., 0.18508881707429942, 0.10767695694198348,
       0.066695519590049421, 0.030557229621632799, -0.017755616613654351,
       -0.026374749995144525, 0.081802588525451053,
       -0.0026204686734029917, -0.0046864720029829287,
       -0.032666477601458369, 0.019474178195075308,
       -0.052789625477551276, 0.034277586892429067, -0.04495144987943004,
       -0.0029999733605504224, 0.0050870574151682278,
       0.06853297569679874, -0.073038040047134545, 0.096256335130221513,
       0., 0., 0., 0., -0.0063986866144547195, 0.09145970623049135,
       0.050657900881612497, 0.057459652878273662, 0.,
       1.8840759100208137e-06, 6.93373791147111e-07,
       -0.94868359892477061, 0., 0.18065946405609903,
       0.0049768055028298445, 0.098488929085297994,
       -0.024127541041704986, -0.24970270306008369,
       -0.056064205798516974, -0.086102123386056065,
       -0.12133139747942075, 0.20878991373936609, -0.073507227184609877,
       0.14514097758285313, -0.050722614640480543, 0.26777570538638545,
       -0.11108499328950935, -0.40033080390078774, 0.20002741235778801,
       0.063687809095636108, 0.30921556817314, -0.45205762084529499, 0.,
       0., 0., 0., 0.012652809181873156, -0.18889676893949539,
