%YAML:1.0
---
MatVector:
   - !!opencv-matrix
      rows: 2
      cols: 1
      dt: d
      data: [ 191.9504531675444, 2.6383761624045534 ]
   - !!opencv-matrix
      rows: 2
      cols: 1
      dt: d
      data: [ 191.20491684845973, 6.5806362134360361 ]
   - !!opencv-matrix
      rows: 2
      cols: 1
      dt: d
      data: [ 217.70257714609204, 1.2095056634230938 ]
   - !!opencv-matrix
      rows: 2
      cols: 1
      dt: d
      data: [ 191.90377460840526, 9.4109665309360651 ]
   - !!opencv-matrix
      rows: 2
      cols: 1
      dt: d
      data: [ 189.01985379179337, 2.2067787675863202 ]
   - !!opencv-matrix
      rows: 2
      cols: 1
      dt: d
      data: [ 205.33885441605815, 3.7188529281104405 ]
   - !!opencv-matrix
      rows: 2
      cols: 1
      dt: d
      data: [ 207.27881062346941, 2.1782255438553677 ]
   - !!opencv-matrix
      rows: 2
      cols: 1
      dt: d
      data: [ 198.01790123808652, 20.06952389229556 ]
   - !!opencv-matrix
      rows: 2
      cols: 1
      dt: d
      data: [ 225.92601501432711, 0.35105518943876429 ]
   - !!opencv-matrix
      rows: 2
      cols: 1
      dt: d
      data: [ 202.94067750460673, 12.83379967005815 ]
   - !!opencv-matrix
      rows: 2
      cols: 1
      dt: d
      data: [ 213.09797072924496, 2.3727349362816321 ]
   - !!opencv-matrix
      rows: 2
      cols: 1
      dt: d
      data: [ 221.05735483503463, 0.14447607963025047 ]
   - !!opencv-matrix
      rows: 2
      cols: 1
      dt: d
      data: [ 210.22199951690658, 13.85499617876938 ]
   - !!opencv-matrix
      rows: 2
      cols: 1
      dt: d
      data: [ 212.55616602625301, 3.230910741564557 ]
   - !!opencv-matrix
      rows: 2
      cols: 1
      dt: d
      data: [ 175.4588491147272, 6.6005505327504856 ]
   - !!opencv-matrix
      rows: 2
      cols: 1
      dt: d
      data: [ 203.44544215182259, 11.58725884967623 ]
   - !!opencv-matrix
      rows: 2
      cols: 1
      dt: d
      data: [ 223.28228689446431, 3.7360218385540049 ]
   - !!opencv-matrix
      rows: 2
      cols: 1
      dt: d
      data: [ 217.23349208815324, 6.1834387832559017 ]
   - !!opencv-matrix
      rows: 2
      cols: 1
      dt: d
      data: [ 208.81582885763126, 8.6933663502955181 ]
   - !!opencv-matrix
      rows: 2
      cols: 1
      dt: d
      data: [ 206.51023312482224, 2.5047184934770539 ]
   - !!opencv-matrix
      rows: 2
      cols: 1
      dt: d
      data: [ 211.83064255367324, 5.9658507606131339 ]
   - !!opencv-matrix
      rows: 2
      cols: 1
      dt: d
      data: [ 215.68074468946452, 9.1448821861210323 ]
   - !!opencv-matrix
      rows: 2
      cols: 1
      dt: d
      data: [ 193.9089778210342, 2.1350223421944792 ]
   - !!opencv-matrix
      rows: 2
      cols: 1
      dt: d
      data: [ 206.03888450300246, 5.2538626512716675 ]
   - !!opencv-matrix
      rows: 2
      cols: 1
      dt: d
      data: [ 190.59198647253939, 21.226626968300675 ]
   - !!opencv-matrix
      rows: 2
      cols: 1
      dt: d
      data: [ 207.94109564467323, 29.511662814772702 ]
   - !!opencv-matrix
      rows: 2
      cols: 1
      dt: d
      data: [ 193.32184747674597, 3.294053457028963 ]
   - !!opencv-matrix
      rows: 2
      cols: 1
      dt: d
      data: [ 212.66312748535776, 1.6452076301948 ]
   - !!opencv-matrix
      rows: 2
      cols: 1
      dt: d
      data: [ 202.95854845088468, 4.4457969712882424 ]
   - !!opencv-matrix
      rows: 2
      cols: 1
      dt: d
      data: [ 203.49458945958648, 10.12803340606413 ]
   - !!opencv-matrix
      rows: 2
      cols: 1
      dt: d
      data: [ 218.05974774930371, 5.5460717187950683 ]
   - !!opencv-matrix
      rows: 2
      cols: 1
      dt: d
      data: [ 194.39802876306462, 0.53048377422433335 ]
   - !!opencv-matrix
      rows: 2
      cols: 1
      dt: d
      data: [ 213.97097826239764, 2.4460092871014183 ]
   - !!opencv-matrix
      rows: 2
      cols: 1
      dt: d
      data: [ 214.54610533271898, 15.267406019420598 ]
   - !!opencv-matrix
      rows: 2
      cols: 1
      dt: d
      data: [ 213.37440458641828, 0.33684921178485644 ]
   - !!opencv-matrix
      rows: 2
      cols: 1
      dt: d
      data: [ 229.37558324172244, 12.468633145604048 ]
   - !!opencv-matrix
      rows: 2
      cols: 1
      dt: d
      data: [ 221.23697892904752, 11.997881244126354 ]
   - !!opencv-matrix
      rows: 2
      cols: 1
      dt: d
      data: [ 211.13969453541074, 2.6747694280919934 ]
   - !!opencv-matrix
      rows: 2
      cols: 1
      dt: d
      data: [ 197.80122724416242, 0.54726657416728974 ]
   - !!opencv-matrix
      rows: 2
      cols: 1
      dt: d
      data: [ 211.35594827709559, 2.3665645754347748 ]
   - !!opencv-matrix
      rows: 2
      cols: 1
      dt: d
      data: [ 217.35680636795129, 0.67544468679516878 ]
   - !!opencv-matrix
      rows: 2
      cols: 1
      dt: d
      data: [ 227.78000002432395, 9.2139344972160906 ]
   - !!opencv-matrix
      rows: 2
      cols: 1
      dt: d
      data: [ 219.84838014112472, 9.5591448008439617 ]
   - !!opencv-matrix
      rows: 2
      cols: 1
      dt: d
      data: [ 221.62819265808284, 12.420012846680638 ]
   - !!opencv-matrix
      rows: 2
      cols: 1
      dt: d
      data: [ 221.82783410888527, 2.6994470842918168 ]
   - !!opencv-matrix
      rows: 2
      cols: 1
      dt: d
      data: [ 240.15501841177127, 8.4965952970482892 ]
   - !!opencv-matrix
      rows: 2
      cols: 1
      dt: d
      data: [ 213.77472039748517, 1.2723674693352534 ]
   - !!opencv-matrix
      rows: 2
      cols: 1
      dt: d
      data: [ 211.94522282403574, 10.672863817638598 ]
   - !!opencv-matrix
      rows: 2
      cols: 1
      dt: d
      data: [ 178.55085833132259, 4.1416770936366412 ]
   - !!opencv-matrix
      rows: 2
      cols: 1
      dt: d
      data: [ 205.77417178634221, 0.22962065447679167 ]
   - !!opencv-matrix
      rows: 2
      cols: 1
      dt: d
      data: [ 219.73420949378485, 19.721553644211117 ]
   - !!opencv-matrix
      rows: 2
      cols: 1
      dt: d
      data: [ 202.83065969657423, 2.0244720429065186 ]
   - !!opencv-matrix
      rows: 2
      cols: 1
      dt: d
      data: [ 220.8372719980145, 5.7683876841743142 ]
   - !!opencv-matrix
      rows: 2
      cols: 1
      dt: d
      data: [ 216.78574325458351, 5.85803051867964 ]
   - !!opencv-matrix
      rows: 2
      cols: 1
      dt: d
      data: [ 214.44336705228696, 1.1089757788685348 ]
   - !!opencv-matrix
      rows: 2
      cols: 1
      dt: d
      data: [ 225.02307237561976, 1.0268391483620865 ]
   - !!opencv-matrix
      rows: 2
      cols: 1
      dt: d
      data: [ 182.09332206704144, 1.1278557481882097 ]
   - !!opencv-matrix
      rows: 2
      cols: 1
      dt: d
      data: [ 226.82016947220899, 1.4091559879517792 ]
   - !!opencv-matrix
      rows: 2
      cols: 1
      dt: d
      data: [ 204.45892326343528, 5.0483856782815888 ]
   - !!opencv-matrix
      rows: 2
      cols: 1
      dt: d
      data: [ 224.31120083595843, 5.0047656818572799 ]
   - !!opencv-matrix
      rows: 2
      cols: 1
      dt: d
      data: [ 213.41028329667884, 1.4101358910697035 ]
   - !!opencv-matrix
      rows: 2
      cols: 1
      dt: d
      data: [ 214.82546571806338, 0.45472960886399794 ]
   - !!opencv-matrix
      rows: 2
      cols: 1
      dt: d
      data: [ 198.34092809643818, 1.0902943838946491 ]
   - !!opencv-matrix
      rows: 2
      cols: 1
      dt: d
      data: [ 232.9094763317967, 12.01512941454309 ]
   - !!opencv-matrix
      rows: 2
      cols: 1
      dt: d
      data: [ 207.62705228144821, 1.0930054513916474 ]
   - !!opencv-matrix
      rows: 2
      cols: 1
      dt: d
      data: [ 223.41756929004777, 2.5912800942185821 ]
   - !!opencv-matrix
      rows: 2
      cols: 1
      dt: d
      data: [ 236.46725157046885, 7.5200687967994213 ]
   - !!opencv-matrix
      rows: 2
      cols: 1
      dt: d
      data: [ 226.70203500720282, 14.847131830523967 ]
   - !!opencv-matrix
      rows: 2
      cols: 1
      dt: d
