%YAML:1.0
---
MatVector:
   - !!opencv-matrix
      rows: 2
      cols: 1
      dt: d
      data: [ 77.108921988341052, 6.2371187094629326 ]
   - !!opencv-matrix
      rows: 2
      cols: 1
      dt: d
      data: [ 88.396019057795172, 0.13716681055594285 ]
   - !!opencv-matrix
      rows: 2
      cols: 1
      dt: d
      data: [ 89.981452524403707, 2.8658683847103119 ]
   - !!opencv-matrix
      rows: 2
      cols: 1
      dt: d
      data: [ 91.735995443932111, 15.829391646897431 ]
   - !!opencv-matrix
      rows: 2
      cols: 1
      dt: d
      data: [ 106.70538247227299, 3.6859668264831944 ]
   - !!opencv-matrix
      rows: 2
      cols: 1
      dt: d
      data: [ 78.705626605167566, 8.905017725301775 ]
   - !!opencv-matrix
      rows: 2
      cols: 1
      dt: d
      data: [ 85.05412241650771, 11.778529617813835 ]
   - !!opencv-matrix
      rows: 2
      cols: 1
      dt: d
      data: [ 107.36581726696515, 9.8116656382415179 ]
   - !!opencv-matrix
      rows: 2
      cols: 1
      dt: d
      data: [ 104.37083620650552, 6.0086229333181302 ]
   - !!opencv-matrix
      rows: 2
      cols: 1
      dt: d
      data: [ 83.668299282226215, 5.1042330687211868 ]
   - !!opencv-matrix
      rows: 2
      cols: 1
      dt: d
      data: [ 82.708920554729389, 4.6216296553775127 ]
   - !!opencv-matrix
      rows: 2
      cols: 1
      dt: d
      data: [ 109.47646529845615, 10.46857419880693 ]
   - !!opencv-matrix
      rows: 2
      cols: 1
      dt: d
      data: [ 105.43774332539083, 6.9377433253908185 ]
   - !!opencv-matrix
      rows: 2
      cols: 1
      dt: d
      data: [ 82.789721811344421, 1.0244327211687605 ]
   - !!opencv-matrix
      rows: 2
      cols: 1
      dt: d
      data: [ 99.602562831880675, 1.0974868205400323 ]
   - !!opencv-matrix
      rows: 2
      cols: 1
      dt: d
      data: [ 64.713695326322537, 2.740919045119838 ]
   - !!opencv-matrix
      rows: 2
      cols: 1
      dt: d
      data: [ 83.024451159071702, 0.25594869587618341 ]
   - !!opencv-matrix
      rows: 2
      cols: 1
      dt: d
      data: [ 116.59733894283487, 12.0596663075595 ]
   - !!opencv-matrix
      rows: 2
      cols: 1
      dt: d
      data: [ 116.32212290613964, 10.020664778793138 ]
   - !!opencv-matrix
      rows: 2
      cols: 1
      dt: d
      data: [ 123.86566786974146, 7.1402957349738276 ]
   - !!opencv-matrix
      rows: 2
      cols: 1
      dt: d
      data: [ 108.03567137718646, 15.220667202214823 ]
   - !!opencv-matrix
      rows: 2
      cols: 1
      dt: d
      data: [ 80.248684774534823, 2.5047139472095505 ]
   - !!opencv-matrix
      rows: 2
      cols: 1
      dt: d
      data: [ 116.76822109523134, 2.8164769225334232 ]
   - !!opencv-matrix
      rows: 2
      cols: 1
      dt: d
      data: [ 87.069345535746208, 0.82405580929217737 ]
   - !!opencv-matrix
      rows: 2
      cols: 1
      dt: d
      data: [ 100.87157586692324, 3.4623232263244756 ]
   - !!opencv-matrix
      rows: 2
      cols: 1
      dt: d
      data: [ 92.847210272374269, 9.6576676603368039 ]
   - !!opencv-matrix
      rows: 2
      cols: 1
      dt: d
      data: [ 118.13170522076226, 12.755889684179051 ]
   - !!opencv-matrix
      rows: 2
      cols: 1
      dt: d
      data: [ 119.68828091382021, 2.416694414787945 ]
   - !!opencv-matrix
      rows: 2
      cols: 1
      dt: d
      data: [ 119.18115134844886, 15.796856119434546 ]
   - !!opencv-matrix
      rows: 2
      cols: 1
      dt: d
      data: [ 115.38191820978972, 7.9025597264046477 ]
   - !!opencv-matrix
      rows: 2
      cols: 1
      dt: d
      data: [ 81.554591658335497, 1.2139108048600167 ]
   - !!opencv-matrix
      rows: 2
      cols: 1
      dt: d
      data: [ 109.76717748589026, 9.0196589060264838 ]
   - !!opencv-matrix
      rows: 2
      cols: 1
      dt: d
      data: [ 114.57769591985692, 3.9149198838293415 ]
   - !!opencv-matrix
      rows: 2
      cols: 1
      dt: d
      data: [ 106.59563247013156, 0.24215344852175608 ]
   - !!opencv-matrix
      rows: 2
      cols: 1
      dt: d
      data: [ 102.35008964370766, 11.867356484281045 ]
   - !!opencv-matrix
      rows: 2
      cols: 1
      dt: d
      data: [ 113.72816960969756, 6.686997624334861 ]
   - !!opencv-matrix
      rows: 2
      cols: 1
      dt: d
      data: [ 95.173308968254517, 11.329331844074638 ]
   - !!opencv-matrix
      rows: 2
      cols: 1
      dt: d
      data: [ 115.31226073098684, 11.489996741031382 ]
   - !!opencv-matrix
      rows: 2
      cols: 1
      dt: d
      data: [ 108.11620386095895, 6.9109668423144823 ]
   - !!opencv-matrix
      rows: 2
      cols: 1
      dt: d
      data: [ 115.01304577777827, 1.3916899506275497 ]
   - !!opencv-matrix
      rows: 2
      cols: 1
      dt: d
      data: [ 90.931165569441248, 3.5651967944084904 ]
   - !!opencv-matrix
      rows: 2
      cols: 1
      dt: d
      data: [ 98.45587993266804, 0.046975355897109161 ]
   - !!opencv-matrix
      rows: 2
      cols: 1
      dt: d
      data: [ 120.67989241717795, 8.3397281837213537 ]
   - !!opencv-matrix
      rows: 2
      cols: 1
      dt: d
      data: [ 115.97130745243597, 1.131745453967832 ]
   - !!opencv-matrix
      rows: 2
      cols: 1
      dt: d
      data: [ 120.5958583476998, 4.2663156682927061 ]
   - !!opencv-matrix
      rows: 2
      cols: 1
      dt: d
      data: [ 102.83882048018654, 11.126634812195819 ]
   - !!opencv-matrix
      rows: 2
      cols: 1
      dt: d
      data: [ 107.34733976957033, 1.9166753497726117 ]
   - !!opencv-matrix
      rows: 2
      cols: 1
      dt: d
      data: [ 100.41676632059739, 3.8533156780276796 ]
   - !!opencv-matrix
      rows: 2
      cols: 1
      dt: d
      data: [ 83.756259480079166, 2.5027980153514116 ]
   - !!opencv-matrix
      rows: 2
      cols: 1
      dt: d
      data: [ 82.944732662977245, 1.1656858355655069 ]
   - !!opencv-matrix
      rows: 2
      cols: 1
      dt: d
      data: [ 112.69950713069257, 8.6751710357190781 ]
   - !!opencv-matrix
      rows: 2
      cols: 1
      dt: d
      data: [ 123.54996499414769, 19.499196135863869 ]
   - !!opencv-matrix
      rows: 2
      cols: 1
      dt: d
      data: [ 102.35435444680769, 8.2892174405820906 ]
   - !!opencv-matrix
      rows: 2
      cols: 1
      dt: d
      data: [ 85.547243937153198, 6.474492625465543 ]
   - !!opencv-matrix
      rows: 2
      cols: 1
      dt: d
      data: [ 83.857719971642368, 10.323289260580227 ]
   - !!opencv-matrix
      rows: 2
      cols: 1
      dt: d
      data: [ 118.30529893495003, 1.3851873202239746 ]
   - !!opencv-matrix
      rows: 2
      cols: 1
      dt: d
      data: [ 99.90754853994784, 1.535169286419569 ]
   - !!opencv-matrix
      rows: 2
      cols: 1
      dt: d
      data: [ 113.67603785897927, 7.4378032162669507 ]
   - !!opencv-matrix
      rows: 2
      cols: 1
      dt: d
      data: [ 102.07716559393052, 10.503083561949412 ]
   - !!opencv-matrix
      rows: 2
      cols: 1
      dt: d
      data: [ 111.35221270955851, 15.398773479898805 ]
   - !!opencv-matrix
      rows: 2
      cols: 1
      dt: d
      data: [ 92.652281112168026, 3.8558144031823773 ]
   - !!opencv-matrix
      rows: 2
      cols: 1
      dt: d
      data: [ 104.43329395817022, 3.7332443057494773 ]
   - !!opencv-matrix
      rows: 2
      cols: 1
      dt: d
      data: [ 83.273137402865288, 7.3965929375300234 ]
   - !!opencv-matrix
      rows: 2
      cols: 1
      dt: d
      data: [ 99.627092494024495, 2.398945849135715 ]
   - !!opencv-matrix
      rows: 2
      cols: 1
      dt: d
      data: [ 115.20842341025003, 7.4929417003305403 ]
   - !!opencv-matrix
      rows: 2
      cols: 1
      dt: d
      data: [ 113.83162902079771, 11.01352507018013 ]
   - !!opencv-matrix
      rows: 2
      cols: 1
      dt: d
      data: [ 111.59912101775379, 1.9713416915264164 ]
   - !!opencv-matrix
      rows: 2
      cols: 1
      dt: d
      data: [ 120.75393373165697, 0.33539280045319431 ]
   - !!opencv-matrix
      rows: 2
      cols: 1
      dt: d
