%YAML:1.0
---
MatVector:
   - !!opencv-matrix
      rows: 2
      cols: 1
      dt: d
      data: [ 123.86566786974146, 7.1402957349738276 ]
   - !!opencv-matrix
      rows: 2
      cols: 1
      dt: d
      data: [ 134.58975146984918, 3.4331180119870508 ]
   - !!opencv-matrix
      rows: 2
      cols: 1
      dt: d
      data: [ 118.13170522076226, 12.755889684179051 ]
   - !!opencv-matrix
      rows: 2
      cols: 1
      dt: d
      data: [ 109.47646529845615, 10.46857419880693 ]
   - !!opencv-matrix
      rows: 2
      cols: 1
      dt: d
      data: [ 106.70538247227299, 3.6859668264831944 ]
   - !!opencv-matrix
      rows: 2
      cols: 1
      dt: d
      data: [ 144.22360414785035, 6.2641445229301276 ]
   - !!opencv-matrix
      rows: 2
      cols: 1
      dt: d
      data: [ 131.50260758697192, 15.562429046484919 ]
   - !!opencv-matrix
      rows: 2
      cols: 1
      dt: d
      data: [ 77.108921988341052, 6.2371187094629326 ]
   - !!opencv-matrix
      rows: 2
      cols: 1
      dt: d
      data: [ 116.32212290613964, 10.020664778793138 ]
   - !!opencv-matrix
      rows: 2
      cols: 1
      dt: d
      data: [ 119.68828091382021, 2.416694414787945 ]
   - !!opencv-matrix
      rows: 2
      cols: 1
      dt: d
      data: [ 136.36323325516753, 24.014445989794716 ]
   - !!opencv-matrix
      rows: 2
      cols: 1
      dt: d
      data: [ 130.18511664076814, 4.4043053061293298 ]
   - !!opencv-matrix
      rows: 2
      cols: 1
      dt: d
      data: [ 131.8418276153248, 6.6177784075149111 ]
   - !!opencv-matrix
      rows: 2
      cols: 1
      dt: d
      data: [ 88.396019057795172, 0.13716681055594285 ]
   - !!opencv-matrix
      rows: 2
      cols: 1
      dt: d
      data: [ 137.00105915290152, 2.7426795261534478 ]
   - !!opencv-matrix
      rows: 2
      cols: 1
      dt: d
      data: [ 116.59733894283487, 12.0596663075595 ]
   - !!opencv-matrix
      rows: 2
      cols: 1
      dt: d
      data: [ 104.37083620650552, 6.0086229333181302 ]
   - !!opencv-matrix
      rows: 2
      cols: 1
      dt: d
      data: [ 91.735995443932111, 15.829391646897431 ]
   - !!opencv-matrix
      rows: 2
      cols: 1
      dt: d
      data: [ 116.76822109523134, 2.8164769225334232 ]
   - !!opencv-matrix
      rows: 2
      cols: 1
      dt: d
      data: [ 140.0499048559399, 15.450296108560535 ]
   - !!opencv-matrix
      rows: 2
      cols: 1
      dt: d
      data: [ 89.981452524403707, 2.8658683847103119 ]
   - !!opencv-matrix
      rows: 2
      cols: 1
      dt: d
      data: [ 118.60793523277317, 1.7051978824441725 ]
   - !!opencv-matrix
      rows: 2
      cols: 1
      dt: d
      data: [ 119.18115134844886, 15.796856119434546 ]
   - !!opencv-matrix
      rows: 2
      cols: 1
      dt: d
      data: [ 150.67747509549679, 6.7997057911320207 ]
   - !!opencv-matrix
      rows: 2
      cols: 1
      dt: d
      data: [ 123.54996499414769, 19.499196135863869 ]
   - !!opencv-matrix
      rows: 2
      cols: 1
      dt: d
      data: [ 144.3884021104833, 14.957918838574017 ]
   - !!opencv-matrix
      rows: 2
      cols: 1
      dt: d
      data: [ 140.89945819164595, 10.327399542025182 ]
   - !!opencv-matrix
      rows: 2
      cols: 1
      dt: d
      data: [ 120.67989241717795, 8.3397281837213537 ]
   - !!opencv-matrix
      rows: 2
      cols: 1
      dt: d
      data: [ 113.60595306303944, 24.291200642176715 ]
   - !!opencv-matrix
      rows: 2
      cols: 1
      dt: d
      data: [ 114.57769591985692, 3.9149198838293415 ]
   - !!opencv-matrix
      rows: 2
      cols: 1
      dt: d
      data: [ 127.99295576918202, 3.1608184807418143 ]
   - !!opencv-matrix
      rows: 2
      cols: 1
      dt: d
      data: [ 107.36581726696515, 9.8116656382415179 ]
   - !!opencv-matrix
      rows: 2
      cols: 1
      dt: d
      data: [ 141.0926826211408, 12.551589969802231 ]
   - !!opencv-matrix
      rows: 2
      cols: 1
      dt: d
      data: [ 131.9765115289473, 5.081870192128032 ]
   - !!opencv-matrix
      rows: 2
      cols: 1
      dt: d
      data: [ 137.47389251462795, 16.691805680528269 ]
   - !!opencv-matrix
      rows: 2
      cols: 1
      dt: d
      data: [ 167.36715378639559, 5.1585689334353662 ]
   - !!opencv-matrix
      rows: 2
      cols: 1
      dt: d
      data: [ 85.05412241650771, 11.778529617813835 ]
   - !!opencv-matrix
      rows: 2
      cols: 1
      dt: d
      data: [ 132.65670281627388, 26.377295121274024 ]
   - !!opencv-matrix
      rows: 2
      cols: 1
      dt: d
      data: [ 157.70436876826, 0.13989783651726451 ]
   - !!opencv-matrix
      rows: 2
      cols: 1
      dt: d
      data: [ 143.58172890726689, 5.5316926885103248 ]
   - !!opencv-matrix
      rows: 2
      cols: 1
      dt: d
      data: [ 162.95020656929725, 7.0075087601340309 ]
   - !!opencv-matrix
      rows: 2
      cols: 1
      dt: d
      data: [ 148.71415865785755, 4.4901575346048466 ]
   - !!opencv-matrix
      rows: 2
      cols: 1
      dt: d
      data: [ 151.00082854813959, 4.4999753083035063 ]
   - !!opencv-matrix
      rows: 2
      cols: 1
      dt: d
      data: [ 124.07171340754839, 5.9285269768447462 ]
   - !!opencv-matrix
      rows: 2
      cols: 1
      dt: d
      data: [ 146.53054890767245, 10.588235774490858 ]
   - !!opencv-matrix
      rows: 2
      cols: 1
      dt: d
      data: [ 120.5958583476998, 4.2663156682927061 ]
   - !!opencv-matrix
      rows: 2
      cols: 1
      dt: d
      data: [ 148.40391052552772, 16.884662884735601 ]
   - !!opencv-matrix
      rows: 2
      cols: 1
      dt: d
      data: [ 144.8715920377436, 9.6292170216267063 ]
   - !!opencv-matrix
      rows: 2
      cols: 1
      dt: d
      data: [ 127.37855118298216, 8.7509827176376547 ]
   - !!opencv-matrix
      rows: 2
      cols: 1
      dt: d
      data: [ 157.10762664452008, 8.3744343167817252 ]
   - !!opencv-matrix
      rows: 2
      cols: 1
      dt: d
      data: [ 160.67755245815786, 5.1026107098158882 ]
   - !!opencv-matrix
      rows: 2
      cols: 1
      dt: d
      data: [ 156.24019097184902, 21.066922534631686 ]
   - !!opencv-matrix
      rows: 2
      cols: 1
      dt: d
      data: [ 158.27774634895906, 3.6612853882968515 ]
   - !!opencv-matrix
      rows: 2
      cols: 1
      dt: d
      data: [ 108.11620386095895, 6.9109668423144823 ]
   - !!opencv-matrix
      rows: 2
      cols: 1
      dt: d
      data: [ 137.2237766725128, 3.0224353975463631 ]
   - !!opencv-matrix
      rows: 2
      cols: 1
      dt: d
      data: [ 140.94573809997274, 1.4314019190626288 ]
   - !!opencv-matrix
      rows: 2
      cols: 1
      dt: d
      data: [ 164.64192651483768, 14.659844251655317 ]
   - !!opencv-matrix
      rows: 2
      cols: 1
      dt: d
      data: [ 130.74801301299897, 15.116864527826491 ]
   - !!opencv-matrix
      rows: 2
      cols: 1
      dt: d
      data: [ 78.705626605167566, 8.905017725301775 ]
   - !!opencv-matrix
      rows: 2
      cols: 1
      dt: d
      data: [ 141.60273570983395, 9.1126417405111333 ]
   - !!opencv-matrix
      rows: 2
      cols: 1
      dt: d
      data: [ 141.23298853407138, 10.971232826572921 ]
   - !!opencv-matrix
      rows: 2
      cols: 1
      dt: d
      data: [ 139.35316383495638, 14.355163850956616 ]
   - !!opencv-matrix
      rows: 2
      cols: 1
      dt: d
      data: [ 157.18429256339388, 11.086508528179962 ]
   - !!opencv-matrix
      rows: 2
      cols: 1
      dt: d
      data: [ 123.29782498012486, 12.470820148269917 ]
   - !!opencv-matrix
      rows: 2
      cols: 1
      dt: d
      data: [ 156.14621234603587, 11.986361832794824 ]
   - !!opencv-matrix
      rows: 2
      cols: 1
      dt: d
      data: [ 156.63320501413642, 10.812681767235411 ]
   - !!opencv-matrix
      rows: 2
      cols: 1
      dt: d
      data: [ 115.38191820978972, 7.9025597264046477 ]
   - !!opencv-matrix
      rows: 2
      cols: 1
      dt: d
      data: [ 150.37411487072021, 7.0000412032680233 ]
   - !!opencv-matrix
      rows: 2
      cols: 1
      dt: d
