%YAML:1.0
---
MatVector:
   - !!opencv-matrix
      rows: 2
      cols: 1
      dt: d
      data: [ 87.259076579425923, 3.2754472222708491 ]
   - !!opencv-matrix
      rows: 2
      cols: 1
      dt: d
      data: [ 110.91439331353388, 0.42994870706452148 ]
   - !!opencv-matrix
      rows: 2
      cols: 1
      dt: d
      data: [ 106.05058662467995, 37.737886487736148 ]
   - !!opencv-matrix
      rows: 2
      cols: 1
      dt: d
      data: [ 142.94440808234083, 18.132048918674673 ]
   - !!opencv-matrix
      rows: 2
      cols: 1
      dt: d
      data: [ 134.91155767429265, 22.472129536294727 ]
   - !!opencv-matrix
      rows: 2
      cols: 1
      dt: d
      data: [ 107.34153662136312, 43.741222156731745 ]
   - !!opencv-matrix
      rows: 2
      cols: 1
      dt: d
      data: [ 130.69556321337208, 5.0044736326066781 ]
   - !!opencv-matrix
      rows: 2
      cols: 1
      dt: d
      data: [ 132.86905978575928, 7.8978130927699279 ]
   - !!opencv-matrix
      rows: 2
      cols: 1
      dt: d
      data: [ 116.93810636340228, 22.567493882609323 ]
   - !!opencv-matrix
      rows: 2
      cols: 1
      dt: d
      data: [ 113.28309478197725, 23.169277861374013 ]
   - !!opencv-matrix
      rows: 2
      cols: 1
      dt: d
      data: [ 162.26809949500478, 12.394611179025445 ]
   - !!opencv-matrix
      rows: 2
      cols: 1
      dt: d
      data: [ 104.75769936213088, 25.610289423460149 ]
   - !!opencv-matrix
      rows: 2
      cols: 1
      dt: d
      data: [ 169.45561225606261, 10.181869912887889 ]
   - !!opencv-matrix
      rows: 2
      cols: 1
      dt: d
      data: [ 198.43422828669947, 8.7881763900149004 ]
   - !!opencv-matrix
      rows: 2
      cols: 1
      dt: d
      data: [ 137.13794417101693, 4.7889736423422216 ]
   - !!opencv-matrix
      rows: 2
      cols: 1
      dt: d
      data: [ 74.636846922709083, 20.366113557478059 ]
   - !!opencv-matrix
      rows: 2
      cols: 1
      dt: d
      data: [ 127.375563349712, 23.42335077104682 ]
   - !!opencv-matrix
      rows: 2
      cols: 1
      dt: d
      data: [ 171.95709698795264, 21.656564720099368 ]
   - !!opencv-matrix
      rows: 2
      cols: 1
      dt: d
      data: [ 145.30610469236524, 21.175125480888802 ]
   - !!opencv-matrix
      rows: 2
      cols: 1
      dt: d
      data: [ 140.44479097309511, 4.1920387073151488 ]
   - !!opencv-matrix
      rows: 2
      cols: 1
      dt: d
      data: [ 128.60765047457159, 28.687057001554237 ]
   - !!opencv-matrix
      rows: 2
      cols: 1
      dt: d
      data: [ 167.11537674267376, 13.02692811656806 ]
   - !!opencv-matrix
      rows: 2
      cols: 1
      dt: d
      data: [ 141.92182320322607, 8.8746041417213863 ]
   - !!opencv-matrix
      rows: 2
      cols: 1
      dt: d
      data: [ 147.36612221844516, 3.4425313794170109 ]
   - !!opencv-matrix
      rows: 2
      cols: 1
      dt: d
      data: [ 162.46632369026534, 17.396297496016683 ]
   - !!opencv-matrix
      rows: 2
      cols: 1
      dt: d
      data: [ 185.66881346942753, 6.8805308556051887 ]
   - !!opencv-matrix
      rows: 2
      cols: 1
      dt: d
      data: [ 167.91814097301469, 8.93366846075957 ]
   - !!opencv-matrix
      rows: 2
      cols: 1
      dt: d
      data: [ 162.86000521945829, 4.5545252132374188 ]
   - !!opencv-matrix
      rows: 2
      cols: 1
      dt: d
      data: [ 156.66415561018269, 8.8086518235464482 ]
   - !!opencv-matrix
      rows: 2
      cols: 1
      dt: d
      data: [ 151.062040127627, 21.245823883276419 ]
   - !!opencv-matrix
      rows: 2
      cols: 1
      dt: d
      data: [ 167.10164911965464, 63.040969706150889 ]
   - !!opencv-matrix
      rows: 2
      cols: 1
      dt: d
      data: [ 177.79712866341288, 14.958059334212827 ]
   - !!opencv-matrix
      rows: 2
      cols: 1
      dt: d
      data: [ 132.54755290555178, 25.996802086986474 ]
   - !!opencv-matrix
      rows: 2
      cols: 1
      dt: d
      data: [ 147.2612409775069, 12.806322882258305 ]
   - !!opencv-matrix
      rows: 2
      cols: 1
      dt: d
      data: [ 128.30027555215716, 11.041480572846535 ]
   - !!opencv-matrix
      rows: 2
      cols: 1
      dt: d
      data: [ 140.60993601658217, 2.114448725479384 ]
   - !!opencv-matrix
      rows: 2
      cols: 1
      dt: d
      data: [ 169.56456138345914, 90.917803662622319 ]
   - !!opencv-matrix
      rows: 2
      cols: 1
      dt: d
      data: [ 117.30474751064908, 44.737106650552185 ]
   - !!opencv-matrix
      rows: 2
      cols: 1
      dt: d
      data: [ 110.95603902963146, 10.954789037443863 ]
   - !!opencv-matrix
      rows: 2
      cols: 1
      dt: d
      data: [ 181.16489368580949, 3.5133738499240836 ]
   - !!opencv-matrix
      rows: 2
      cols: 1
      dt: d
      data: [ 150.67527198767198, 43.784556768809274 ]
   - !!opencv-matrix
      rows: 2
      cols: 1
      dt: d
      data: [ 176.32131985840272, 1.361860268473694 ]
   - !!opencv-matrix
      rows: 2
      cols: 1
      dt: d
      data: [ 169.03445524003732, 38.819008767662154 ]
   - !!opencv-matrix
      rows: 2
      cols: 1
      dt: d
      data: [ 158.76422765276632, 26.623204499469956 ]
   - !!opencv-matrix
      rows: 2
      cols: 1
      dt: d
      data: [ 123.4349145878335, 40.548697398242766 ]
   - !!opencv-matrix
      rows: 2
      cols: 1
      dt: d
      data: [ 189.14447396364537, 12.126642940892156 ]
   - !!opencv-matrix
      rows: 2
      cols: 1
      dt: d
      data: [ 173.7293125042228, 10.271366842349224 ]
   - !!opencv-matrix
      rows: 2
      cols: 1
      dt: d
      data: [ 176.9615804074362, 29.045852710885988 ]
   - !!opencv-matrix
      rows: 2
      cols: 1
      dt: d
      data: [ 164.01807708125557, 6.6196971658319903 ]
   - !!opencv-matrix
      rows: 2
      cols: 1
      dt: d
      data: [ 172.15267226046188, 46.098616395527493 ]
   - !!opencv-matrix
      rows: 2
      cols: 1
      dt: d
      data: [ 105.66051477510561, 9.561282207930546 ]
   - !!opencv-matrix
      rows: 2
      cols: 1
      dt: d
      data: [ 108.54414243256721, 13.028109746949466 ]
   - !!opencv-matrix
      rows: 2
      cols: 1
      dt: d
      data: [ 146.97045314600098, 0.49839949753188334 ]
   - !!opencv-matrix
      rows: 2
      cols: 1
      dt: d
      data: [ 151.51014576703247, 0.22523244121533662 ]
   - !!opencv-matrix
      rows: 2
      cols: 1
      dt: d
      data: [ 136.90311379341895, 11.972883264535326 ]
   - !!opencv-matrix
      rows: 2
      cols: 1
      dt: d
      data: [ 148.34856971970228, 1.2049324124778549 ]
   - !!opencv-matrix
      rows: 2
      cols: 1
      dt: d
      data: [ 175.77053944660713, 11.242996159776233 ]
   - !!opencv-matrix
      rows: 2
      cols: 1
      dt: d
      data: [ 119.43681704518447, 22.95041904007704 ]
   - !!opencv-matrix
      rows: 2
      cols: 1
      dt: d
      data: [ 121.09915084222509, 5.578589901758777 ]
   - !!opencv-matrix
      rows: 2
      cols: 1
      dt: d
      data: [ 158.70233772526848, 25.448585432884599 ]
   - !!opencv-matrix
      rows: 2
      cols: 1
      dt: d
      data: [ 183.51011383927192, 25.950204598373951 ]
   - !!opencv-matrix
      rows: 2
      cols: 1
      dt: d
      data: [ 139.18451607563688, 14.593936576222038 ]
   - !!opencv-matrix
      rows: 2
      cols: 1
      dt: d
      data: [ 159.55334899019064, 48.542932812248118 ]
   - !!opencv-matrix
      rows: 2
      cols: 1
      dt: d
      data: [ 154.60390456139166, 1.7342705590823542 ]
   - !!opencv-matrix
      rows: 2
      cols: 1
      dt: d
      data: [ 180.738190260214, 65.746342723095111 ]
   - !!opencv-matrix
      rows: 2
      cols: 1
      dt: d
      data: [ 149.01770565914006, 17.013917834699214 ]
   - !!opencv-matrix
      rows: 2
      cols: 1
      dt: d
      data: [ 157.16841299341297, 34.626073371550056 ]
   - !!opencv-matrix
      rows: 2
      cols: 1
      dt: d
      data: [ 180.73830127091875, 19.800036709628028 ]
   - !!opencv-matrix
      rows: 2
      cols: 1
      dt: d
